2289
111
6515
18
151887
23284
6332
1535
225
4969
128553
713
273
89944
3489
894
79827
183
10089
894
54659
4811
3479
637
5919
5176
26577
8534
7056
6586
2246
1009
139818
301
112464
2162
2867
8707
56301
387700
1075
3075
151887
11185
3487
55722
7253
26227
2200
4094
8707
6641
5792
720
720
284654
894
5598
712
2335
2331
2331
1803
10082
10462
133418
23329
7490
4321
6943
10512
9747
7791
89944
165
26227
80114
27303
10149
9843
2202
54796
57828
84706
11096
8407
12
7018
2331
374897
2012
114905
91851
3224
80820
2823
26227
3995
4826
5325
23596
3952
111
3995
717
5179
56670
128414
6590
29968
23767
29968
717
91851
10149
84706
80761
25797
91851
147463
2940
7348
216
2331
6623
6783
80761
