133060
1149
7350
79741
1346
3777
53354
79660
26027
2170
1375
1734
162466
83401
53354
56997
3777
84830
374569
5026
10205
1370
3164
375449
4151
57505
5465
100129128
9027
1908
5997
9026
10205
26027
5166
284252
25841
51807
1787
53405
79071
440503
84532
1734
4137
8395
440503
54802
84879
10449
6470
25849
3423
7200
8671
3777
84532
122416
9746
2820
2998
2766
23603
79071
28231
100132916
109
6299
7545
8528
5997
8844
25914
10205
2259
4773
1000
4916
4916
9718
148811
8528
5292
4929
79071
5997
53637
3945
6770
3419
55930
10449
4916
10221
80179
11199
788
10394
2104
219621
28977
3945
1233
151188
123264
84283
84302
51537
92667
37
122622
647310
282969
286151
2820
83538
283417
90019
6000
80271
284439
91749
767
25875
10105
3945
2819
85301
93034
29091
