157869
1410
84034
3861
286191
7482
23090
8707
2637
9369
4883
29091
100506013
23236
286
8470
652
83481
23704
150
219348
9890
50509
2615
7225
10044
10125
54749
51667
2591
101927115
81606
157506
642426
3400
8997
255488
5126
207107
374860
3316
65217
8676
26033
182
728264
2321
105372526
81623
729420
7802
63910
10335
4854
72
57587
2252
80332
2328
100131176
2891
80832
84886
27063
83872
25802
3090
345895
463
1591
8549
2810
116328
101060004
4919
440279
84659
148156
79912
9201
55801
2006
59
5376
81793
101928001
3937
388381
84277
7068
79817
3868
167681
881
100505633
9378
