64065
9404
5743
9627
220
80896
8828
4070
204962
23213
114548
406938
1946
56975
222223
255631
6423
201780
6662
9331
2123
3910
6374
101927988
79739
8809
54502
729582
81035
255928
26050
158158
3488
28232
1829
5569
11085
2651
201799
2920
2620
5270
4642
26872
1846
137835
3887
1803
7903
6781
58504
1047
441027
23566
7075
8942
2863
10082
55117
3655
387978
57458
64123
25907
3775
6422
56967
83690
79772
100133941
1848
55022
50515
55283
654433
4313
2919
5055
130574
83857
80206
1437
8644
64093
84419
718
3673
624
4314
3676
79674
3576
5067
1116
290
6751
246777
8092
4311
9955
261729
3764
284217
386618
11082
597
3075
23043
3880
102724689
9086
55510
64116
100131187
114801
92737
2290
4312
