83877
93134
140881
56990
10489
79670
132671
55454
5554
5554
5554
55294
51276
5198
10250
10785
55159
84129
84925
9586
8677
57016
441282
317
79980
10332
11148
9111
11311
9507
1146
5567
667
7422
94097
64167
91860
376497
5080
92017
90113
56949
6832
55768
80150
3787
761
308
57184
9071
100996928
51631
6156
6885
6328
10487
831
54962
162514
29789
8225
2965
54873
51329
9479
83479
54464
80224
5795
4921
84294
2289
93082
29922
4597
472
23209
56172
347734
79899
131076
145957
83850
54812
221393
54460
2152
80306
2581
10298
9407
3183
27309
662
2909
9852
